0.0 8.214683839
1.098113841 8.209619443
2.218242197 8.209619443
3.306654727 8.209619443
4.393574747 8.209619443
5.491688588 8.204438623
6.594839649 8.204438623
7.688475961 8.204438623
8.80319397 8.199432438
9.915300088 8.199432438
11.01751833 8.199432438
12.09828175 8.199432438
13.19658215 8.194251619
14.28742001 8.194251619
15.39318296 8.194251619
16.49148337 8.189187223
17.6065745 8.189187223
18.71924031 8.183948192
19.80298875 8.178883795
20.90147572 8.168696791
21.99977612 8.14820636
23.09826309 8.107283708
24.1965635 8.025438405
25.29505047 7.866870407
26.40958191 7.570224842