0.0 1.647020301
1.098207258 1.64194499
2.202710975 1.64194499
3.29514648 1.64194499
4.39352864 1.636815106
5.49296021 1.636815106
6.590118059 1.636815106
7.688500219 1.631739795
8.816090949 1.631739795
9.906602536 1.631739795
10.99973765 1.631739795
12.09811981 1.626555337
13.20227372 1.626555337
14.29488413 1.626555337
15.39291648 1.621480026
16.49532138 1.621480026
17.60629646 1.621480026
18.70450372 1.616295569
19.80288588 1.616295569
20.90634018 1.611165684
21.99930039 1.606090373
23.09803236 1.600960489
24.19641452 1.580495525
25.29479668 1.544804628
26.40926979 1.473095394