0.0 6.567707196
1.098113841 6.567707196
2.19660081 6.562584589
3.288931177 6.562584589
4.412417679 6.562584589
5.491688588 6.562584589
6.587377101 6.557520192
7.691647544 6.557520192
8.795917987 6.557520192
9.901680939 6.557520192
10.99979478 6.552339373
12.08969982 6.552339373
13.19658215 6.552339373
14.29506912 6.547216765
15.3929964 6.547216765
16.49148337 6.547216765
17.6065745 6.542094157
18.70468835 6.542094157
19.79086211 6.537029761
20.90147572 6.531907153
21.99977612 6.516539329
23.09826309 6.49092629
24.1965635 6.434694026
25.29505047 6.327293895
26.40958191 6.112493633