0.0 3.2889471
1.098113841 3.283766281
2.218428761 3.283766281
3.295274342 3.283766281
4.393574747 3.278643673
5.5054943 3.278643673
6.590175556 3.278643673
7.688475961 3.273579277
8.805619298 3.273579277
9.913247887 3.273579277
10.99979478 3.273579277
12.09828175 3.268398457
13.22008918 3.268398457
14.29506912 3.268398457
15.39318296 3.263334061
16.47991642 3.263334061
17.6065745 3.263334061
18.70468835 3.258211453
19.80317531 3.258211453
20.90147572 3.253088845
21.99977612 3.247966237
23.09826309 3.232656625
24.1965635 3.207043586
25.29505047 3.150811322
26.40958191 3.038230372