0.0 4.930859347
1.089718475 4.930859347
2.19660081 4.930859347
3.295274342 4.925678527
4.374172124 4.925678527
5.50698681 4.925678527
6.590175556 4.925678527
7.688475961 4.920614131
8.823342848 4.920614131
9.901680939 4.920614131
10.99979478 4.915491523
12.10033395 4.915491523
13.19658215 4.915491523
14.29506912 4.910427127
15.39150389 4.910427127
16.49148337 4.910427127
17.6065745 4.905246307
18.70468835 4.905246307
19.81567508 4.900065488
20.90147572 4.895059303
21.99977612 4.884814087
23.09826309 4.859259259
24.1965635 4.818278396
25.29505047 4.736491305
26.40958191 4.572800699