0.0  0.691189448
0.90009905  0.691189448
1.800756128  0.687102318
2.703784824  0.685058752
3.597048032  0.683015187
4.488079128  0.680994845
5.400873314  0.678928057
6.294136522  0.676884492
7.199955358  0.674817705
8.102984054  0.67277414
8.993875643  0.670753797
9.894532721  0.668687009
10.78640086  0.666666667
11.68329125  0.662556314
12.59231875  0.660535971
13.48893012  0.654382054
14.38582051  0.646231016
15.28257139  0.629859273
16.1917384  0.601202917
17.08862879  0.545980215
17.98551918  0.439668385
18.88213055  0.241280015