0.0  2.069527658
0.88991504  2.067507315
1.791130146  2.06546375
2.692624266  2.063420185
3.59021219  2.06137662
4.505796515  2.05928661
5.39640909  2.057266267
6.290648847  2.055222702
7.188376278  2.053179137
8.100333422  2.051089127
9.008802891  2.04902234
9.885325261  2.047025219
10.78640086  2.044958432
11.67338625  2.040940969
12.59231875  2.036807394
13.48893012  2.028609911
14.38582051  2.018392086
15.28257139  1.99591287
16.1917384  1.957038688
17.08862879  1.87933677
17.98551918  1.734127537
18.88213055  1.468301519
19.80650382  1.010705494
20.70409174  0.313849798