0.0  2.75867354
0.912794185  2.756583531
1.803127747  2.754563188
2.693321801  2.752542845
3.593420851  2.75049928
4.496868068  2.748455715
5.4005943  2.746388928
6.30069335  2.744345363
7.181121915  2.742348242
8.097961803  2.740258232
8.997921346  2.738214667
9.891742582  2.736171102
10.78640086  2.734150759
11.68566287  2.730063629
12.59231875  2.725953277
13.48893012  2.717779016
14.38582051  2.703450838
15.28257139  2.678928057
16.1917384  2.631879615
17.08862879  2.539849519
17.98551918  2.370140727
18.89859237  2.056267707
19.8081779  1.543890205
20.70688188  0.777715852