0.0  1.380358553
0.898285459  1.378314988
1.790293104  1.376294645
2.69290328  1.376550091
3.595513455  1.374227858
4.494356943  1.371928847
5.407430142  1.369583391
6.292462438  1.367307603
7.187957757  1.365008592
8.10089145  1.362663137
9.000013951  1.360364126
9.881558572  1.35811156
10.78640086  1.355812549
11.69361477  1.351702197
12.59231875  1.347661511
13.48893012  1.341530816
14.38582051  1.333310111
15.28257139  1.314941248
16.1917384  1.280154196
17.08862879  1.214713669
17.98551918  1.089963309
18.88213055  0.860944684
19.79115805  0.466257954