0.0  3.447819423
0.896471868  3.445775858
1.811498165  3.443685848
2.695135392  3.441665506
3.587143037  3.439645163
4.49631004  3.439645163
5.408964719  3.437555153
6.287858707  3.435581255
7.202885004  3.433491245
8.096008705  3.431470902
8.992620081  3.42736055
9.881140051  3.425340207
10.78640086  3.423296642
11.69305674  3.41918629
12.59231875  3.415099159
13.48893012  3.404881334
14.38582051  3.390553156
15.28257139  3.35989968
16.1917384  3.304653755
17.10913631  3.193790349
17.99723776  2.995378756
18.90793934  2.636268636
19.81208409  2.068691654
20.7172054  1.226046166
21.61256121  0.116994102