0.0 8.373373606
1.087913622 8.373373606
2.196677061 8.373373606
3.295015591 8.368262082
4.38143994 8.368262082
5.491692651 8.368262082
6.590217341 8.363150558
7.675152418 8.363150558
8.803090241 8.363150558
9.901428771 8.357980948
10.9997673 8.357980948
12.09810583 8.352869424
13.18155164 8.342762546
14.29478289 8.332423327
15.39312142 8.306865706
16.49145995 8.271085037
17.60618048 8.199407528
18.70470517 8.076672862
19.8030437 7.861872677
20.90138223 7.508887082
21.99972076 6.951382435
23.09805929 6.132957714
24.19639782 5.028055297
25.29473635 3.636791357
26.40964304 1.979553903