0.0 8.291473048
1.089216736 8.291473048
2.174151813 8.291473048
3.295015591 8.291473048
4.393354121 8.286303439
5.499139014 8.286303439
6.594126681 8.286303439
7.688369712 8.286303439
8.803090241 8.281133829
9.904221157 8.281133829
10.9997673 8.281133829
12.09810583 8.276138476
13.19644436 8.276138476
14.29478289 8.270968866
15.39312142 8.270968866
16.49388002 8.260803903
17.60618048 8.25052277
18.70470517 8.230018587
19.8030437 8.18918448
20.90138223 8.112395446
21.99972076 7.969214684
23.09805929 7.718517658
24.19639782 7.294086896
25.29473635 6.623954461
26.40964304 5.657237454