0.0000  9.1500 
7.7100  9.1400 
10.9800  9.1200 
14.5500  9.1100 
16.3600  9.1000 
18.0000  9.0700 
19.1500  9.0200 
20.0400  8.9500 
20.8700  8.8600 
21.6700  8.7300 
22.3600  8.5800
23.0200  8.4000 
23.6200  8.2000 
24.1500  8.0000 
24.6100  7.8000 
25.0200  7.6000 
25.3900  7.4000 
25.7500  7.2000
26.3800  6.8000 
26.9400  6.4000 
27.4600  6.0000 
27.9400  5.6000 
28.4000  5.2000 
28.8400  4.8000 
29.2500  4.4000 
29.6600  4.0000 
30.0500  3.6000 
30.4400  3.2000 
30.8100  2.8000 
31.1700  2.4000 
31.5200  2.0000 
31.8800  1.6000 
32.2200  1.2000 
32.5500  0.8000 
32.8900  0.4000 
33.2200  0.0000 