0.0  2.667165947
0.896750882  2.665633273
1.818054994  2.662480842
2.690392154  2.659502578
3.587143037  2.657952487
4.505657008  2.654817472
5.400315286  2.651786958
6.290090819  2.648756444
7.186702194  2.647241187
8.096008705  2.644141006
8.99401515  2.639542985
9.899833987  2.63491013
10.78640086  2.630364358
11.68315174  2.622683573
12.59231875  2.610422182
13.48893012  2.592012679
14.385681  2.56287446
15.28243189  2.516859412
16.1918779  2.443238818
17.08862879  2.329733872
17.98537967  2.16565069
18.88213055  1.940190888
19.79115805  1.648756444
20.68804844  1.294464958
21.58465981  0.881897032
22.48168971  0.420231294