0.0  2.673296642
0.879731031  2.670283545
1.793641272  2.667165947
2.690392154  2.665633273
3.59021219  2.662567925
4.479011175  2.659537411
5.400036272  2.65638498
6.281022865  2.653371882
7.186981208  2.650289118
8.095869198  2.645691097
8.992620081  2.641110492
9.88951047  2.633412289
10.78640086  2.622683573
11.68301223  2.605806744
12.59217924  2.578201198
13.48920913  2.536801588
14.38582051  2.470861781
15.2827109  2.371168315
16.1917384  2.225459802
17.08862879  2.024522781
17.98551918  1.760728717
18.88213055  1.434042776
19.79143706  1.050630486
20.68804844  0.615055037
21.58493883  0.13651247