0.0  2.680960011
0.886566873  2.677946914
1.797547467  2.674846733
2.685369903  2.671816218
3.583655362  2.668750871
4.49631004  2.665633273
5.400175779  2.661017835
6.290090819  2.656454647
7.186981208  2.650289118
8.095869198  2.642625749
8.992620081  2.631897032
9.88951047  2.615020203
10.78640086  2.590480006
11.68301223  2.550595653
12.59217924  2.490769124
13.48920913  2.401821792
14.38582051  2.27147485
15.2827109  2.090480006
16.1917384  1.852758813
17.08862879  1.553661
17.98551918  1.19783684
18.88213055  0.788351679
19.79143706  0.334366727