0.0  2.684042776
0.885171803  2.681012261
1.789456062  2.677929497
2.693042787  2.674829316
3.587282543  2.671781385
4.49631004  2.667165947
5.39320043  2.661017835
6.290090819  2.653354466
7.186981208  2.642625749
8.095869198  2.62574892
8.992620081  2.602741396
9.88951047  2.565922391
10.78640086  2.512243974
11.68301223  2.430977428
12.59217924  2.312857043
13.48920913  2.148756444
14.38582051  1.932510102
15.2827109  1.659502578
16.1917384  1.328236032
17.08862879  0.946321583
17.98551918  0.516894246
18.88213055  0.046032465