0.0  3.493287574
0.897029896  3.491066922
1.785549867  3.488871505
2.683416805  3.486650853
3.587143037  3.484430201
4.493798915  3.482184314
5.388736206  3.479963662
6.289253777  3.47774301
7.186981208  3.475522358
8.078570332  3.471131523
8.992620081  3.46663975
9.88951047  3.457731907
10.78640086  3.444407994
11.68301223  3.422201474
12.59231875  3.382204502
13.48934864  3.311067932
14.38582051  3.186585243
15.28257139  2.968860402
16.1917384  2.608837186
17.08862879  2.055541536
17.98524016  1.271096195
18.88213055  0.2400323
19.05414266  -0.002195417