0.0  3.468885636
0.898006445  3.466664984
1.796291904  3.464444332
2.687462507  3.46222368
3.589514655  3.460003028
4.506215036  3.457731907
5.39320043  3.455536489
6.289951312  3.455536489
7.186841701  3.453290603
8.095729691  3.448849298
8.987039801  3.446653881
9.88951047  3.444433229
10.78626135  3.439991925
11.68301223  3.431084082
12.59217924  3.419955587
13.48920913  3.397749066
14.38582051  3.357777329
15.28243189  3.28222469
16.1917384  3.142222671
17.08848928  2.897774301
17.98524016  2.486676088
18.88213055  1.85336126
19.79115805  0.964469567
20.54058956  -0.002144948