0.0  1.064407134
0.896750882  1.061341786
1.793501765  1.059809112
2.690392154  1.056726348
3.587143037  1.055211091
4.496868068  1.052128327
5.39320043  1.049080396
6.290090819  1.047547722
7.186702194  1.044464958
8.089451877  1.041382193
8.997642332  1.038299429
9.878070897  1.035303748
10.78640086  1.032203567
11.68315174  1.027605545
12.59231875  1.021457433
13.48893012  1.013794064
14.385681  1.003082764
15.28243189  0.984655845
16.1918779  0.955500209
17.08862879  0.909519994
17.98537967  0.835899401
18.88213055  0.723927128
19.79115805  0.56287446
20.68804844  0.340497422
21.58465981  0.052128327