0.0  2.130346942
0.896750882  2.128831685
1.797268453  2.12574892
2.691647717  2.122700989
3.598024581  2.119618225
4.49631004  2.116552877
5.39320043  2.115002787
6.289532791  2.111954856
7.192421981  2.108872091
8.102286519  2.10577191
8.992620081  2.102741396
9.882674628  2.098178208
10.78640086  2.093545353
11.68315174  2.087414658
12.59231875  2.079733872
13.48893012  2.065939808
14.385681  2.045997631
15.28243189  2.013794064
16.1918779  1.960133064
17.08862879  1.877281594
17.98537967  1.75
18.88213055  1.567472482
19.79115805  1.32208792
20.68804844  1.0107113
21.58465981  0.636495054
22.48168971  0.208582973