0.0  1.599693465
0.896750882  1.596610701
1.793501765  1.595095444
2.691229196  1.592012679
3.587143037  1.588947332
4.49631004  1.587432075
5.41398697  1.58429706
6.282557442  1.581336213
7.203024511  1.578201198
8.096008705  1.575153267
8.992620081  1.573603177
9.88951047  1.569005155
10.78640086  1.565957224
11.68315174  1.559826529
12.59231875  1.553678417
13.48893012  1.5429497
14.385681  1.527605545
15.28243189  1.503065348
16.1918779  1.464713669
17.08862879  1.401839209
17.98537967  1.303661
18.88213055  1.159502578
19.79115805  0.957067716
20.68804844  0.688658214
21.58465981  0.357374251