0.0  0.53068831
0.896750882  0.529120803
1.779272053  0.526107705
2.690392154  0.522990107
3.587143037  0.52147485
4.476081528  0.518461753
5.39320043  0.515344155
6.290090819  0.513794064
7.186702194  0.510728717
8.096008705  0.507680786
8.994573178  0.504598021
9.916853839  0.501463007
10.79100459  0.498467326
11.68315174  0.495419395
12.61882507  0.489044866
13.48893012  0.483123171
14.385681  0.475459802
15.28243189  0.461683155
16.1918779  0.440173471
17.08862879  0.40643723
17.98537967  0.35427407
18.88213055  0.26992476
19.79115805  0.144175839